           3   4.3117171224829940E-004 -0.48729184960740729     
  0.30108047523041354     
  0.30108047523018450     
  0.30108047522986831     
  0.30108047522943188     
  0.30108047522882936     
  0.30108047522799775     
  0.30108047522684978     
  0.30108047522526510     
  0.30108047522307763     
  0.30108047522005815     
  0.30108047521589010     
  0.30108047521013653     
  0.30108047520219444     
  0.30108047519123132     
  0.30108047517609798     
  0.30108047515520808     
  0.30108047512637215     
  0.30108047508656732     
  0.30108047503162150     
  0.30108047495577495     
  0.30108047485107781     
  0.30108047470655541     
  0.30108047450705894     
  0.30108047423167728     
  0.30108047385154463     
  0.30108047332681559     
  0.30108047260248783     
  0.30108047160263718     
  0.30108047022245904     
  0.30108046831728302     
  0.30108046568740793     
  0.30108046205716982     
  0.30108045704604619     
  0.30108045012877027     
  0.30108044058027167     
  0.30108042739967505     
  0.30108040920538764     
  0.30108038409028148     
  0.30108034942178763     
  0.30108030156595084     
  0.30108023550651930     
  0.30108014431914337     
  0.30108001844557003     
  0.30107984469175691     
  0.30107960484489282     
  0.30107927376437083     
  0.30107881674662862     
  0.30107818588767304     
  0.30107731506207830     
  0.30107611299228532     
  0.30107445368197572     
  0.30107216321122060     
  0.30106900151017818     
  0.30106463720258453     
  0.30105861288542557     
  0.30105029721168192     
  0.30103881876541944     
  0.30102297482081103     
  0.30100110546464048     
  0.30097091997056480     
  0.30092925738332543     
  0.30087175651759301     
  0.30079240135248586     
  0.30068289525849368     
  0.30053180053471329     
  0.30032335700277923     
  0.30003586331182835     
  0.29963946550516318     
  0.29909314801916798     
  0.29834066277386673     
  0.29730506606842544     
  0.29588147209545723     
  0.29392760331419482     
  0.29125177924942014     
  0.28759824922179089     
  0.28263044817776201     
  0.27591419334895678     
  0.26690559660106744     
  0.25495327262347522     
  0.23933189086969303     
  0.21933374847450432     
  0.19445275656811609     
  0.16468886125389776     
  0.13095548533830420     
   9.5455947395379839E-002
   6.1710125462546624E-002
   3.3800645157162613E-002
   1.4718482239362507E-002
   4.6584154176168690E-003
   9.4176139969887724E-004
   1.0005685891248997E-004
   4.0333573742785112E-006
   3.0332235851905751E-008
   6.1102231171617284E-013
   2.1974911625332480E-015
   2.7307839592367311E-017
   4.7920186637245734E-019
   9.8998415938174438E-021
   2.2539870241530295E-022
   6.6647725922593255E-024
   7.7234669646148354E-009   2.2615756468544152E-009
